
[RF12demo.9] N i14* g212 @ 915 MHz 
DF I 667 107

Available commands:
  <nn> i     - set node ID (standard node ids are 1..26)
               (or enter an uppercase 'A'..'Z' to set id)
  <n> b      - set MHz band (4 = 433, 8 = 868, 9 = 915)
  <nnn> g    - set network group (RFM12 only allows 212, 0 = any)
  <n> c      - set collect mode (advanced, normally 0)
  t          - broadcast max-size test packet, with ack
  ...,<nn> a - send data packet to node <nn>, with ack
  ...,<nn> s - send data packet to node <nn>, no ack
  <n> l      - turn activity LED on PB1 on or off
  <n> q      - set quiet mode (1 = don't report bad packets)
Remote control commands:
  <hchi>,<hclo>,<addr>,<cmd> f     - FS20 command (868 MHz)
  <addr>,<dev>,<on> k              - KAKU command (433 MHz)
Flash storage (JeeLink only):
  d                                - dump all log markers
  <sh>,<sl>,<t3>,<t2>,<t1>,<t0> r  - replay from specified marker
  123,<bhi>,<blo> e                - erase 4K block
  12,34 w                          - wipe entire flash memory
Current configuration:
 N i14* g212 @ 915 MHz 
OK 1 30 0 166 0 118 20 251 0
OK 1 31 0 169 0 131 20 110 0
OK 1 32 0 170 0 131 20 117 0
OK 1 33 0 170 0 118 20 109 0
OK 1 34 0 170 0 118 20 109 0
DF S 668 107 61
OK 1 1 0 170 0 131 20 111 0
OK 1 2 0 169 0 118 20 106 0
OK 1 3 0 169 0 118 20 107 0
OK 1 4 0 169 0 163 20 110 0
OK 1 5 0 170 0 118 20 108 0
DF S 669 107 323
OK 1 6 0 170 0 131 20 110 0
OK 1 7 0 169 0 125 20 109 0
OK 1 8 0 169 0 131 20 108 0
OK 1 9 0 170 0 118 20 105 0
DF S 670 107 609
OK 1 10 0 170 0 118 20 106 0
OK 1 11 0 171 0 118 20 106 0
OK 1 12 0 170 0 112 20 103 0
OK 1 13 0 171 0 125 20 101 0
DF S 671 107 872
OK 1 14 0 171 0 118 20 108 0
OK 1 15 0 171 0 131 20 106 0
OK 1 16 0 171 0 118 20 106 0
OK 1 17 0 171 0 125 20 94 0
DF S 672 107 1134
OK 1 18 0 171 0 125 20 108 0
OK 1 19 0 171 0 125 20 108 0
OK 1 20 0 171 0 118 20 109 0
OK 1 21 0 170 0 228 20 106 0
DF S 673 107 1396
OK 1 22 0 170 0 131 20 105 0
OK 1 23 0 170 0 131 20 104 0
OK 1 24 0 170 0 125 20 104 0
OK 1 25 0 169 0 131 20 104 0
DF S 674 107 1659
OK 1 26 0 169 0 125 20 105 0
OK 1 27 0 169 0 125 20 105 0
OK 1 28 0 169 0 131 20 105 0
OK 1 29 0 168 0 221 20 104 0
DF S 675 107 1921
OK 1 30 0 168 0 118 20 105 0
OK 1 31 0 169 0 131 20 106 0
OK 1 32 0 169 0 118 20 108 0
OK 1 33 0 169 0 131 20 104 0
DF S 676 107 2184
OK 1 34 0 170 0 118 20 103 0
OK 1 35 0 170 0 118 20 104 0
OK 1 36 0 170 0 118 20 104 0
OK 1 37 0 170 0 125 20 102 0
DF S 677 107 2446
OK 1 38 0 170 0 118 20 101 0
OK 1 39 0 170 0 131 20 103 0
OK 1 40 0 170 0 125 20 103 0
OK 1 41 0 170 0 125 20 99 0
DF S 678 107 2708
OK 1 42 0 170 0 125 20 101 0
OK 1 43 0 170 0 118 20 100 0
OK 1 44 0 170 0 118 20 100 0
OK 1 45 0 171 0 125 20 100 0
DF S 679 107 2971
OK 1 46 0 171 0 125 20 100 0
OK 1 47 0 171 0 125 20 100 0
OK 1 48 0 171 0 125 20 99 0
OK 1 49 0 171 0 125 20 95 0
DF S 680 107 3233
OK 1 50 0 171 0 118 20 95 0
OK 1 51 0 171 0 118 20 95 0
OK 1 52 0 171 0 131 20 95 0
OK 1 53 0 171 0 125 20 94 0
DF S 681 107 3496
OK 1 54 0 171 0 131 20 94 0
OK 1 55 0 171 0 118 20 93 0
OK 1 56 0 171 0 125 20 93 0
OK 1 57 0 171 0 118 20 91 0
DF S 682 107 3758
OK 1 58 0 171 0 125 20 91 0
OK 1 59 0 171 0 118 20 92 0
OK 1 60 0 171 0 125 20 91 0
OK 1 61 0 171 0 118 20 93 0
DF S 683 107 4020
OK 1 62 0 170 0 118 20 92 0
OK 1 63 0 171 0 118 20 92 0
OK 1 64 0 171 0 125 20 91 0
OK 1 65 0 171 0 125 20 91 0
DF S 684 107 4283
OK 1 66 0 171 0 125 20 90 0
OK 1 67 0 171 0 125 20 90 0
OK 1 68 0 172 0 118 20 91 0
OK 1 69 0 171 0 125 20 93 0
DF S 685 107 4545
OK 1 70 0 171 0 131 20 92 0
OK 1 71 0 171 0 131 20 94 0
OK 1 72 0 171 0 131 20 95 0
OK 1 73 0 171 0 118 20 94 0
DF S 686 107 4808
OK 1 74 0 172 0 118 20 95 0
OK 1 75 0 172 0 118 20 92 0
OK 1 76 0 172 0 163 20 92 0
OK 1 77 0 173 0 131 20 92 0
DF S 687 107 5070
OK 1 78 0 172 0 118 20 91 0
OK 1 79 0 172 0 131 20 91 0
OK 1 80 0 172 0 131 20 91 0
OK 1 81 0 172 0 118 20 92 0
DF S 688 107 5332
OK 1 82 0 172 0 125 20 91 0
OK 1 83 0 172 0 125 20 91 0
OK 1 84 0 172 0 131 20 91 0
OK 1 85 0 172 0 125 20 92 0
DF S 689 107 5595
OK 1 86 0 172 0 118 20 92 0
OK 1 87 0 173 0 125 20 94 0
OK 1 88 0 173 0 125 20 95 0
OK 1 89 0 173 0 131 20 94 0
DF S 690 107 5857
OK 1 90 0 173 0 118 20 94 0
OK 1 91 0 173 0 125 20 93 0
OK 1 92 0 173 0 125 20 93 0
OK 1 93 0 173 0 118 20 94 0
DF S 691 107 6120
OK 1 94 0 173 0 125 20 94 0
OK 1 95 0 173 0 131 20 94 0
OK 1 96 0 172 0 131 20 96 0
OK 1 97 0 172 0 125 20 96 0
DF S 692 107 6382
OK 1 98 0 172 0 125 20 96 0
OK 1 99 0 172 0 125 20 94 0
OK 1 100 0 172 0 131 20 95 0
OK 1 101 0 172 0 125 20 96 0
DF S 693 107 6645
OK 1 102 0 171 0 118 20 158 3
OK 1 103 0 170 0 118 20 157 3
OK 1 1 0 171 0 219 19 161 3
OK 1 1 0 171 0 219 19 160 3
OK 1 1 0 170 0 219 19 161 3
OK 1 1 0 171 0 219 19 160 3
DF S 694 107 6907
OK 1 2 0 171 0 219 19 159 3
OK 1 3 0 171 0 219 19 158 3
OK 1 4 0 171 0 219 19 158 3
OK 1 1 0 171 0 219 19 159 3
OK 1 2 0 171 0 219 19 159 3
DF S 695 107 7164
OK 1 3 0 171 0 219 19 159 3
OK 1 4 0 171 0 219 19 160 3
OK 1 5 0 170 0 219 19 160 3
 ? 1 6 0 171 0 219 19 161 3
OK 1 7 0 171 0 219 19 161 3
DF S 696 107 7477
OK 1 8 0 175 0 219 19 146 0
OK 1 9 0 171 0 219 19 163 3
OK 1 10 0 171 0 219 19 163 3
OK 1 11 0 172 0 219 19 163 3
DF S 697 107 7805
OK 1 12 0 172 0 219 19 163 3
OK 1 13 0 173 0 219 19 163 3
OK 1 14 0 172 0 219 19 163 3
OK 1 15 0 175 0 219 19 234 3
DF S 698 107 8068
OK 1 16 0 168 0 219 19 234 3
OK 1 17 0 168 0 219 19 234 3
OK 1 18 0 168 0 219 19 234 3
OK 1 19 0 168 0 219 19 235 3
DF S 699 107 8330
OK 1 20 0 168 0 219 19 235 3
OK 1 21 0 169 0 219 19 234 3
OK 1 22 0 170 0 219 19 234 3
OK 1 23 0 169 0 213 19 234 3
DF S 700 107 8593
OK 1 24 0 169 0 219 19 234 3
OK 1 25 0 169 0 219 19 234 3
OK 1 26 0 169 0 219 19 234 3
OK 1 27 0 169 0 219 19 234 3
DF S 701 107 8855
OK 1 28 0 170 0 219 19 233 3
OK 1 29 0 169 0 219 19 233 3
OK 1 30 0 168 0 219 19 232 3
OK 1 31 0 168 0 219 19 232 3
DF S 702 107 9118
OK 1 32 0 166 0 219 19 232 3
OK 1 33 0 165 0 219 19 231 3
OK 1 34 0 165 0 219 19 231 3
OK 1 35 0 163 0 219 19 231 3
DF S 703 107 9380
OK 1 36 0 163 0 219 19 231 3
OK 1 37 0 163 0 219 19 231 3
OK 1 38 0 163 0 219 19 231 3
OK 1 39 0 163 0 219 19 231 3
DF S 704 107 9643
OK 1 40 0 163 0 219 19 230 3
OK 1 41 0 162 0 219 19 230 3
OK 1 42 0 163 0 219 19 230 3
OK 1 43 0 162 0 219 19 231 3
DF S 705 107 9905
OK 1 44 0 162 0 219 19 231 3
OK 1 45 0 162 0 219 19 231 3
OK 1 46 0 162 0 219 19 230 3
OK 1 47 0 162 0 219 19 230 3
DF S 706 107 10167
OK 1 48 0 161 0 219 19 230 3
OK 1 49 0 161 0 219 19 230 3
OK 1 50 0 162 0 213 19 230 3
OK 1 51 0 162 0 219 19 231 3
DF S 707 107 10430
OK 1 52 0 163 0 219 19 231 3
OK 1 53 0 163 0 219 19 231 3
OK 1 54 0 163 0 219 19 231 3
OK 1 55 0 163 0 219 19 231 3
DF S 708 107 10692
OK 1 56 0 162 0 213 19 230 3
OK 1 57 0 162 0 219 19 229 3
OK 1 58 0 161 0 232 19 229 3
OK 1 59 0 161 0 219 19 229 3
DF S 709 107 10954
OK 1 60 0 163 0 219 19 229 3
OK 1 61 0 162 0 226 19 228 3
OK 1 62 0 161 0 219 19 229 3
OK 1 63 0 161 0 219 19 228 3
DF S 710 107 11217
OK 1 64 0 161 0 219 19 227 3
OK 1 65 0 161 0 219 19 227 3
OK 1 1 0 160 0 213 19 228 3
OK 1 2 0 156 0 213 19 229 3
OK 1 3 0 155 0 213 19 229 3
DF S 711 107 11479
OK 1 4 0 155 0 232 19 229 3
OK 1 1 0 155 0 213 19 229 3
OK 1 1 0 155 0 219 19 229 3
OK 1 2 0 155 0 213 19 228 3
OK 1 3 0 154 0 213 19 228 3
OK 1 4 0 154 0 213 19 228 3
DF S 712 107 11772
OK 1 5 0 154 0 213 19 228 3
OK 1 6 0 153 0 213 19 228 3
OK 1 7 0 153 0 213 19 227 3
OK 1 8 0 153 0 213 19 227 3
DF S 713 107 12052
OK 1 9 0 153 0 213 19 227 3
OK 1 10 0 152 0 213 19 227 3
OK 1 11 0 152 0 213 19 228 3
OK 1 12 0 152 0 213 19 228 3
DF S 714 107 12315
OK 1 13 0 152 0 213 19 228 3
OK 1 14 0 152 0 219 19 228 3
OK 1 15 0 152 0 213 19 227 3
OK 1 16 0 151 0 219 19 227 3
DF S 715 107 12577
OK 1 17 0 151 0 213 19 227 3
OK 1 18 0 151 0 213 19 227 3
OK 1 19 0 151 0 213 19 227 3
OK 1 1 0 151 0 213 19 226 3
OK 1 1 0 151 0 213 19 227 3
OK 1 1 0 151 0 213 19 227 3
DF S 716 107 12839
OK 1 2 0 151 0 213 19 227 3
OK 1 3 0 151 0 213 19 227 3
OK 1 4 0 151 0 213 19 226 3
OK 1 5 0 151 0 213 19 226 3
DF S 717 107 13113
OK 1 6 0 150 0 213 19 226 3
OK 1 1 0 150 0 213 19 225 3
OK 1 2 0 150 0 213 19 225 3
OK 1 3 0 150 0 213 19 226 3
OK 1 4 0 150 0 213 19 226 3
DF S 718 107 13375
OK 1 5 0 150 0 213 19 226 3
OK 1 6 0 150 0 219 19 226 3
OK 1 7 0 150 0 213 19 226 3
OK 1 8 0 150 0 213 19 226 3
DF S 719 107 13691
OK 1 9 0 150 0 213 19 226 3
OK 1 10 0 150 0 213 19 226 3
OK 1 11 0 150 0 219 19 226 3
OK 1 12 0 150 0 213 19 225 3
DF S 720 107 13953
OK 1 13 0 150 0 213 19 225 3
OK 1 14 0 150 0 213 19 225 3
OK 1 1 0 150 0 219 19 225 3
OK 1 1 0 150 0 213 19 225 3
OK 1 1 0 150 0 213 19 225 3
OK 1 2 0 150 0 219 19 225 3
DF S 721 107 14216
OK 1 3 0 150 0 213 19 225 3
OK 1 1 0 150 0 213 19 226 3
OK 1 2 0 150 0 213 19 226 3
OK 1 1 0 150 0 213 19 226 3
OK 1 2 0 150 0 213 19 226 3
DF S 722 107 14485
OK 1 3 0 150 0 213 19 226 3
OK 1 4 0 150 0 213 19 226 3
OK 1 5 0 150 0 213 19 226 3
OK 1 6 0 150 0 213 19 227 3
DF S 723 107 14745
OK 1 7 0 150 0 213 19 227 3
OK 1 8 0 150 0 213 19 228 3
OK 1 9 0 150 0 219 19 228 3
OK 1 10 0 150 0 213 19 228 3
DF S 724 107 15007
OK 1 11 0 150 0 213 19 228 3
OK 1 12 0 151 0 213 19 228 3
OK 1 13 0 151 0 213 19 229 3
OK 1 14 0 151 0 213 19 228 3
DF S 725 107 15270
OK 1 15 0 151 0 213 19 228 3
OK 1 16 0 151 0 213 19 228 3
OK 1 17 0 150 0 213 19 227 3
OK 1 18 0 150 0 219 19 226 3
DF S 726 107 15532
OK 1 19 0 150 0 213 19 225 3
OK 1 20 0 150 0 213 19 225 3
OK 1 21 0 150 0 219 19 224 3
OK 1 22 0 149 0 213 19 224 3
DF S 727 107 15794
OK 1 23 0 148 0 213 19 223 3
OK 1 24 0 148 0 213 19 224 3
OK 1 25 0 148 0 213 19 223 3
OK 1 26 0 148 0 219 19 223 3
DF S 728 107 16057
OK 1 27 0 148 0 219 19 223 3
OK 1 28 0 147 0 213 19 223 3
OK 1 29 0 147 0 219 19 223 3
OK 1 30 0 146 0 206 19 223 3
DF S 729 107 16319
OK 1 31 0 146 0 213 19 223 3
OK 1 32 0 146 0 213 19 223 3
OK 1 33 0 146 0 219 19 222 3
OK 1 34 0 146 0 213 19 222 3
DF S 730 107 16581
OK 1 35 0 146 0 213 19 221 3
OK 1 36 0 146 0 213 19 220 3
OK 1 37 0 146 0 213 19 220 3
OK 1 38 0 146 0 213 19 220 3
DF S 731 107 16844
OK 1 39 0 146 0 213 19 219 3
OK 1 40 0 146 0 213 19 217 3
OK 1 41 0 146 0 213 19 216 3
OK 1 42 0 146 0 213 19 216 3
DF S 732 107 17106
OK 1 43 0 146 0 206 19 214 3
OK 1 44 0 146 0 213 19 214 3
OK 1 45 0 145 0 213 19 214 3
OK 1 46 0 145 0 213 19 213 3
DF S 733 107 17368
OK 1 47 0 145 0 213 19 211 3
OK 1 48 0 145 0 213 19 208 3
OK 1 49 0 145 0 213 19 204 3
OK 1 50 0 145 0 213 19 201 3
DF S 734 107 17631
OK 1 51 0 145 0 213 19 198 3
OK 1 52 0 145 0 213 19 195 3
OK 1 53 0 145 0 213 19 193 3
OK 1 54 0 145 0 213 19 192 3
DF S 735 107 17893
OK 1 55 0 145 0 213 19 190 3
OK 1 56 0 145 0 213 19 189 3
OK 1 57 0 145 0 213 19 192 3
OK 1 58 0 145 0 213 19 192 3
DF S 736 107 18155
OK 1 59 0 145 0 213 19 190 3
OK 1 60 0 145 0 213 19 188 3
OK 1 61 0 145 0 213 19 185 3
OK 1 62 0 145 0 213 19 184 3
DF S 737 107 18417
OK 1 63 0 145 0 232 19 188 3
OK 1 64 0 145 0 232 19 190 3
OK 1 65 0 145 0 219 19 189 3
OK 1 66 0 145 0 213 19 190 3
DF S 738 107 18680
OK 1 67 0 145 0 213 19 187 3
OK 1 68 0 146 0 213 19 185 3
OK 1 69 0 145 0 219 19 183 3
OK 1 70 0 146 0 219 19 183 3
DF S 739 107 18942
OK 1 71 0 146 0 219 19 180 3
OK 1 72 0 146 0 213 19 178 3
OK 1 73 0 146 0 213 19 177 3
OK 1 74 0 146 0 219 19 179 3
DF S 740 107 19204
OK 1 75 0 146 0 213 19 179 3
OK 1 76 0 146 0 213 19 173 3
OK 1 77 0 146 0 219 19 165 3
OK 1 78 0 146 0 213 19 158 3
DF S 741 107 19467
OK 1 79 0 146 0 213 19 154 3
OK 1 80 0 147 0 213 19 151 3
OK 1 81 0 146 0 213 19 146 3
OK 1 82 0 146 0 213 19 139 3
DF S 742 107 19729
OK 1 83 0 147 0 206 19 131 3
OK 1 84 0 147 0 213 19 120 3
OK 1 85 0 147 0 206 19 114 3
OK 1 86 0 147 0 213 19 115 3
DF S 743 107 19991
OK 1 87 0 148 0 213 19 117 3
OK 1 88 0 147 0 206 19 114 3
OK 1 89 0 148 0 206 19 105 3
OK 1 90 0 148 0 213 19 98 3
DF S 744 107 20254
OK 1 91 0 148 0 206 19 89 3
OK 1 92 0 148 0 213 19 70 3
OK 1 93 0 148 0 213 19 46 3
OK 1 94 0 148 0 213 19 33 3
DF S 745 107 20516
OK 1 95 0 148 0 213 19 23 3
OK 1 96 0 148 0 213 19 5 3
OK 1 97 0 148 0 213 19 251 2
OK 1 98 0 147 0 213 19 239 2
DF S 746 107 20778
OK 1 99 0 147 0 213 19 221 2
OK 1 100 0 148 0 213 19 201 2
OK 1 101 0 148 0 213 19 177 2
OK 1 102 0 148 0 213 19 145 2
DF S 747 107 21040
OK 1 103 0 148 0 213 19 137 2
OK 1 104 0 148 0 213 19 91 2
OK 1 105 0 148 0 206 19 66 2
OK 1 106 0 148 0 206 19 42 2
DF S 748 107 21303
OK 1 107 0 148 0 213 19 23 2
OK 1 108 0 148 0 213 19 217 1
OK 1 109 0 148 0 206 19 195 1
OK 1 110 0 148 0 206 19 222 1
DF S 749 107 21565
OK 1 111 0 148 0 213 19 215 1
OK 1 112 0 148 0 206 19 201 1
OK 1 113 0 148 0 206 19 176 1
OK 1 114 0 148 0 206 19 126 1
DF S 750 107 21827
OK 1 115 0 148 0 206 19 118 1
OK 1 116 0 149 0 213 19 112 1
OK 1 117 0 149 0 206 19 107 1
OK 1 118 0 149 0 206 19 103 1
DF S 751 107 22090
OK 1 119 0 148 0 213 19 100 1
OK 1 120 0 148 0 213 19 97 1
OK 1 121 0 148 0 213 19 94 1
OK 1 122 0 149 0 213 19 92 1
DF S 752 107 22352
OK 1 123 0 148 0 213 19 91 1
OK 1 124 0 148 0 213 19 88 1
OK 1 125 0 148 0 213 19 89 1
OK 1 126 0 148 0 213 19 88 1
DF S 753 107 22614
OK 1 127 0 148 0 213 19 84 1
OK 1 128 0 148 0 206 19 83 1
OK 1 129 0 148 0 213 19 85 1
OK 1 130 0 148 0 213 19 86 1
DF S 754 107 22877
OK 1 131 0 148 0 213 19 86 1
OK 1 132 0 148 0 213 19 85 1
OK 1 133 0 148 0 213 19 86 1
OK 1 134 0 148 0 206 19 86 1
DF S 755 107 23139
OK 1 135 0 147 0 206 19 86 1
OK 1 136 0 148 0 206 19 83 1
OK 1 137 0 148 0 206 19 87 1
OK 1 138 0 148 0 213 19 87 1
DF S 756 107 23401
OK 1 139 0 148 0 206 19 87 1
OK 1 1 0 148 0 206 19 90 1
OK 1 2 0 148 0 213 19 90 1
OK 1 3 0 148 0 213 19 90 1
DF S 757 107 23664
OK 1 4 0 148 0 213 19 90 1
OK 1 5 0 148 0 206 19 91 1
OK 1 6 0 148 0 206 19 92 1
OK 1 7 0 148 0 206 19 92 1
DF S 758 107 23922
OK 1 8 0 148 0 213 19 91 1
OK 1 9 0 148 0 213 19 91 1
OK 1 10 0 148 0 213 19 93 1
OK 1 11 0 148 0 213 19 95 1
DF S 759 107 24184
OK 1 12 0 148 0 219 19 94 1
OK 1 13 0 148 0 213 19 95 1
OK 1 14 0 148 0 213 19 94 1
OK 1 15 0 148 0 213 19 91 1
DF S 760 107 24446
OK 1 16 0 148 0 213 19 144 1
OK 1 17 0 148 0 213 19 149 1
OK 1 18 0 148 0 213 19 207 1
OK 1 19 0 148 0 213 19 143 1
DF S 761 107 24709
OK 1 20 0 148 0 213 19 144 1
OK 1 21 0 149 0 213 19 144 1
OK 1 22 0 148 0 213 19 181 1
OK 1 23 0 148 0 213 19 94 1
DF S 762 107 24971
OK 1 1 0 148 0 206 19 93 1
OK 1 1 0 148 0 213 19 93 1
OK 1 1 0 148 0 213 19 93 1
OK 1 1 0 148 0 213 19 93 1
OK 1 1 0 148 0 206 19 93 1
OK 1 1 0 148 0 206 19 94 1
OK 1 1 0 148 0 219 19 94 1
OK 1 2 0 148 0 213 19 94 1
DF S 763 107 25233
OK 1 1 0 148 0 213 19 94 1
OK 1 1 0 148 0 213 19 93 1
OK 1 1 0 148 0 206 19 93 1
OK 1 1 0 148 0 206 19 93 1
OK 1 1 0 148 0 213 19 93 1
OK 1 1 0 148 0 213 19 94 1
OK 1 1 0 148 0 219 19 93 1
OK 1 1 0 148 0 219 19 94 1
OK 1 2 0 148 0 219 19 94 1
DF S 764 107 25532
OK 1 3 0 148 0 206 19 93 1
OK 1 4 0 148 0 213 19 93 1
OK 1 5 0 148 0 213 19 94 1
OK 1 6 0 148 0 213 19 92 1
DF S 765 107 25832
OK 1 7 0 148 0 219 19 93 1
OK 1 8 0 148 0 219 19 94 1
OK 1 9 0 148 0 213 19 94 1
OK 1 10 0 148 0 213 19 95 1
DF S 766 107 26095
OK 1 11 0 148 0 213 19 94 1
OK 1 12 0 148 0 213 19 94 1
OK 1 13 0 148 0 213 19 93 1
OK 1 14 0 148 0 232 19 92 1
DF S 767 107 26357
OK 1 15 0 148 0 213 19 93 1
OK 1 16 0 148 0 213 19 92 1
OK 1 17 0 148 0 213 19 93 1
OK 1 18 0 148 0 213 19 94 1
DF S 768 107 26619
DF E 1024
OK 1 19 0 148 0 213 19 93 1
OK 1 20 0 148 0 213 19 94 1
OK 1 21 0 148 0 206 19 91 1
OK 1 22 0 148 0 213 19 92 1
DF S 769 107 26882
OK 1 23 0 147 0 213 19 94 1
OK 1 24 0 147 0 226 19 93 1
OK 1 25 0 148 0 213 19 90 1
OK 1 26 0 147 0 213 19 91 1
DF S 770 107 27144
OK 1 27 0 148 0 213 19 90 1
OK 1 28 0 148 0 226 19 93 1
OK 1 1 0 148 0 206 19 92 1
OK 1 1 0 148 0 213 19 93 1
OK 1 2 0 147 0 213 19 95 1
OK 1 1 0 147 0 213 19 95 1
DF S 771 107 27406
OK 1 1 0 148 0 206 19 85 1
OK 1 2 0 147 0 213 19 93 1
OK 1 1 0 147 0 206 19 94 1
OK 1 1 0 147 0 213 19 94 1
OK 1 2 0 147 0 213 19 93 1
OK 1 1 0 147 0 213 19 96 1
DF S 772 107 27672
OK 1 2 0 147 0 213 19 95 1
OK 1 3 0 147 0 219 19 94 1
 ? 1 4 0 147 0 213 19 94 1
OK 1 5 0 146 0 213 19 94 1
DF S 773 107 27954
OK 1 6 0 146 0 213 19 94 1
OK 1 7 0 147 0 219 19 94 1
OK 1 8 0 146 0 219 19 94 1
OK 1 9 0 146 0 213 19 94 1
DF S 774 107 28216
OK 1 10 0 146 0 213 19 91 1
OK 1 11 0 146 0 213 19 95 1
OK 1 1 0 146 0 219 19 95 1
OK 1 1 0 146 0 219 19 95 1
OK 1 1 0 146 0 213 19 95 1
OK 1 1 0 147 0 213 19 94 1
OK 1 1 0 146 0 213 19 95 1
OK 1 1 0 146 0 219 19 94 1
OK 1 1 0 147 0 213 19 94 1
DF S 775 107 28478
OK 1 1 0 147 0 213 19 94 1
OK 1 1 0 146 0 219 19 93 1
OK 1 1 0 146 0 219 19 93 1
OK 1 2 0 146 0 219 19 93 1
OK 1 3 0 146 0 213 19 93 1
OK 1 4 0 146 0 213 19 93 1
DF S 776 107 28749
OK 1 5 0 146 0 213 19 94 1
OK 1 6 0 146 0 213 19 81 1
OK 1 7 0 146 0 213 19 92 1
OK 1 8 0 146 0 213 19 92 1
DF S 777 107 29017
OK 1 9 0 146 0 213 19 87 1
OK 1 10 0 146 0 213 19 92 1
OK 1 11 0 146 0 213 19 94 1
OK 1 12 0 146 0 219 19 94 1
DF S 778 107 29279
OK 1 13 0 146 0 213 19 93 1
OK 1 14 0 146 0 213 19 93 1
OK 1 15 0 146 0 213 19 92 1
OK 1 16 0 146 0 213 19 92 1
DF S 779 107 29541
OK 1 17 0 146 0 219 19 92 1
OK 1 18 0 146 0 213 19 93 1
OK 1 19 0 146 0 219 19 86 1
OK 1 20 0 146 0 213 19 67 1
DF S 780 107 29803
OK 1 21 0 146 0 213 19 10 0
OK 1 22 0 146 0 213 19 9 0
OK 1 23 0 146 0 219 19 10 0
OK 1 24 0 146 0 219 19 9 0
DF S 781 107 30066
OK 1 25 0 145 0 213 19 9 0
OK 1 26 0 145 0 232 19 9 0
OK 1 27 0 145 0 219 19 9 0
OK 1 28 0 146 0 213 19 10 0
DF S 782 107 30328
OK 1 29 0 145 0 213 19 10 0
OK 1 30 0 145 0 219 19 9 0
OK 1 31 0 145 0 219 19 9 0
OK 1 32 0 145 0 219 19 10 0
DF S 783 107 30590
OK 1 33 0 145 0 213 19 9 0
OK 1 34 0 145 0 213 19 9 0
OK 1 35 0 145 0 213 19 9 0
OK 1 36 0 145 0 219 19 10 0
DF S 784 107 30853
OK 1 37 0 145 0 213 19 9 0
OK 1 38 0 145 0 213 19 10 0
OK 1 39 0 144 0 213 19 10 0
OK 1 40 0 144 0 219 19 9 0
DF S 785 107 31115
OK 1 41 0 144 0 213 19 9 0
OK 1 42 0 145 0 213 19 9 0
OK 1 43 0 145 0 206 19 10 0
OK 1 44 0 144 0 213 19 9 0
DF S 786 107 31377
OK 1 45 0 145 0 213 19 9 0
OK 1 46 0 144 0 213 19 10 0
OK 1 47 0 144 0 213 19 10 0
OK 1 48 0 144 0 219 19 10 0
DF S 787 107 31639
OK 1 49 0 144 0 213 19 10 0
OK 1 50 0 144 0 213 19 9 0
OK 1 51 0 143 0 213 19 9 0
OK 1 52 0 144 0 219 19 9 0
DF S 788 107 31902
OK 1 53 0 143 0 213 19 9 0
OK 1 54 0 143 0 213 19 10 0
OK 1 55 0 143 0 213 19 10 0
OK 1 56 0 143 0 213 19 9 0
DF S 789 107 32164
OK 1 57 0 143 0 213 19 10 0
OK 1 58 0 143 0 213 19 9 0
OK 1 59 0 143 0 213 19 10 0
OK 1 60 0 143 0 213 19 10 0
DF S 790 107 32426
OK 1 61 0 143 0 213 19 10 0
OK 1 62 0 143 0 206 19 10 0
OK 1 63 0 143 0 213 19 10 0
OK 1 64 0 143 0 213 19 10 0
DF S 791 107 32689
OK 1 65 0 143 0 213 19 10 0
OK 1 66 0 143 0 213 19 10 0
OK 1 67 0 143 0 213 19 10 0
OK 1 68 0 143 0 213 19 10 0
DF S 792 107 32951
OK 1 69 0 143 0 213 19 10 0
OK 1 70 0 142 0 213 19 11 0
OK 1 71 0 142 0 213 19 10 0
OK 1 72 0 142 0 213 19 10 0
DF S 793 107 33213
OK 1 73 0 142 0 213 19 11 0
OK 1 74 0 142 0 213 19 11 0
OK 1 75 0 143 0 219 19 11 0
OK 1 76 0 143 0 213 19 11 0
DF S 794 107 33475
OK 1 77 0 143 0 213 19 11 0
OK 1 78 0 143 0 213 19 10 0
OK 1 79 0 143 0 213 19 9 0
OK 1 80 0 143 0 213 19 10 0
DF S 795 107 33738
OK 1 81 0 143 0 213 19 10 0
OK 1 82 0 143 0 213 19 10 0
OK 1 83 0 143 0 213 19 10 0
OK 1 84 0 143 0 213 19 10 0
DF S 796 107 34000
OK 1 85 0 143 0 213 19 9 0
OK 1 86 0 142 0 213 19 9 0
OK 1 87 0 142 0 213 19 10 0
OK 1 88 0 142 0 213 19 10 0
DF S 797 107 34262
OK 1 89 0 142 0 213 19 9 0
OK 1 90 0 143 0 206 19 10 0
OK 1 91 0 142 0 213 19 10 0
OK 1 92 0 142 0 213 19 10 0
DF S 798 107 34524
OK 1 93 0 141 0 213 19 10 0
OK 1 94 0 141 0 213 19 10 0
OK 1 95 0 143 0 213 19 10 0
OK 1 96 0 142 0 213 19 10 0
DF S 799 107 34787
OK 1 97 0 141 0 213 19 10 0
OK 1 98 0 141 0 213 19 10 0
OK 1 99 0 141 0 213 19 10 0
OK 1 100 0 141 0 213 19 10 0
DF S 800 107 35049
OK 1 101 0 141 0 219 19 10 0
OK 1 102 0 141 0 213 19 10 0
OK 1 103 0 142 0 213 19 10 0
OK 1 104 0 142 0 219 19 9 0
DF S 801 107 35311
OK 1 105 0 141 0 213 19 10 0
OK 1 106 0 141 0 213 19 10 0
OK 1 107 0 141 0 213 19 10 0
OK 1 108 0 141 0 213 19 10 0
DF S 802 107 35573
OK 1 109 0 141 0 213 19 9 0
OK 1 110 0 141 0 213 19 10 0
OK 1 111 0 141 0 213 19 10 0
OK 1 112 0 141 0 213 19 10 0
DF S 803 107 35836
OK 1 113 0 141 0 213 19 9 0
OK 1 114 0 140 0 213 19 10 0
OK 1 115 0 141 0 213 19 10 0
OK 1 116 0 140 0 219 19 9 0
DF S 804 107 36098
OK 1 117 0 141 0 213 19 10 0
OK 1 118 0 140 0 213 19 10 0
OK 1 119 0 140 0 213 19 10 0
OK 1 120 0 140 0 213 19 10 0
DF S 805 107 36360
OK 1 121 0 140 0 213 19 10 0
OK 1 122 0 140 0 213 19 10 0
OK 1 123 0 140 0 213 19 10 0
OK 1 124 0 140 0 213 19 10 0
DF S 806 107 36622
OK 1 125 0 140 0 206 19 10 0
OK 1 126 0 140 0 213 19 10 0
OK 1 127 0 139 0 219 19 10 0
OK 1 128 0 139 0 213 19 11 0
DF S 807 107 36885
OK 1 129 0 139 0 213 19 10 0
OK 1 130 0 140 0 213 19 10 0
OK 1 131 0 140 0 213 19 10 0
OK 1 132 0 139 0 213 19 10 0
DF S 808 107 37147
OK 1 133 0 138 0 213 19 10 0
OK 1 134 0 139 0 213 19 10 0
OK 1 135 0 138 0 213 19 9 0
OK 1 136 0 139 0 213 19 10 0
DF S 809 107 37409
OK 1 137 0 139 0 213 19 10 0
OK 1 138 0 139 0 213 19 10 0
OK 1 139 0 139 0 219 19 10 0
OK 1 140 0 138 0 213 19 11 0
DF S 810 107 37672
OK 1 141 0 138 0 206 19 10 0
OK 1 142 0 138 0 213 19 10 0
OK 1 143 0 138 0 213 19 10 0
OK 1 144 0 138 0 213 19 10 0
DF S 811 107 37934
OK 1 145 0 138 0 213 19 10 0
OK 1 146 0 138 0 213 19 10 0
 ? 1 147 0 138 0 213 19 10 0
OK 1 148 0 138 0 213 19 9 0
DF S 812 107 38196
OK 1 149 0 137 0 213 19 10 0
OK 1 150 0 138 0 213 19 7 0
OK 1 151 0 137 0 213 19 6 0
OK 1 152 0 138 0 219 19 6 0
DF S 813 107 38458
OK 1 153 0 138 0 213 19 6 0
OK 1 154 0 138 0 213 19 6 0
OK 1 155 0 138 0 213 19 4 0
OK 1 156 0 138 0 213 19 5 0
DF S 814 107 38720
OK 1 157 0 138 0 213 19 4 0
OK 1 158 0 138 0 213 19 5 0
OK 1 159 0 138 0 213 19 5 0
OK 1 160 0 137 0 213 19 5 0
DF S 815 107 38983
OK 1 161 0 137 0 213 19 4 0
OK 1 162 0 138 0 213 19 5 0
OK 1 163 0 137 0 219 19 5 0
OK 1 164 0 137 0 213 19 5 0
DF S 816 107 39245
OK 1 165 0 136 0 219 19 4 0
OK 1 166 0 136 0 213 19 4 0
OK 1 167 0 138 0 219 19 5 0
OK 1 168 0 137 0 219 19 5 0
DF S 817 107 39507
OK 1 169 0 136 0 213 19 4 0
OK 1 170 0 136 0 213 19 5 0
OK 1 171 0 136 0 213 19 5 0
OK 1 172 0 136 0 213 19 5 0
DF S 818 107 39769
OK 1 173 0 136 0 219 19 4 0
OK 1 174 0 136 0 219 19 5 0
OK 1 175 0 136 0 219 19 4 0
OK 1 176 0 136 0 219 19 4 0
DF S 819 107 40032
OK 1 177 0 136 0 213 19 4 0
OK 1 178 0 136 0 213 19 5 0
OK 1 179 0 136 0 213 19 5 0
OK 1 180 0 136 0 213 19 5 0
DF S 820 107 40294
OK 1 181 0 136 0 226 19 5 0
OK 1 182 0 136 0 213 19 4 0
OK 1 183 0 136 0 213 19 4 0
OK 1 184 0 135 0 219 19 4 0
DF S 821 107 40556
OK 1 185 0 136 0 213 19 4 0
OK 1 186 0 136 0 213 19 4 0
 ? 1 187 0 135 0 219 19 5 0
OK 1 188 0 135 0 213 19 5 0
DF S 822 107 40818
OK 1 189 0 135 0 213 19 4 0
OK 1 190 0 134 0 213 19 5 0
OK 1 191 0 135 0 219 19 5 0
OK 1 192 0 135 0 213 19 5 0
DF S 823 107 41081
OK 1 193 0 135 0 213 19 5 0
OK 1 194 0 135 0 213 19 5 0
OK 1 195 0 135 0 219 19 5 0
OK 1 196 0 135 0 213 19 5 0
DF S 824 107 41343
OK 1 197 0 135 0 219 19 5 0
OK 1 198 0 135 0 213 19 5 0
OK 1 199 0 135 0 213 19 5 0
OK 1 200 0 135 0 213 19 5 0
DF S 825 107 41605
OK 1 201 0 135 0 213 19 5 0
OK 1 202 0 134 0 213 19 5 0
OK 1 203 0 135 0 213 19 5 0
OK 1 204 0 135 0 213 19 5 0
DF S 826 107 41867
OK 1 205 0 135 0 213 19 4 0
OK 1 206 0 135 0 213 19 5 0
OK 1 207 0 134 0 219 19 5 0
OK 1 208 0 134 0 213 19 4 0
DF S 827 107 42129
OK 1 209 0 135 0 213 19 5 0
OK 1 210 0 135 0 213 19 5 0
OK 1 211 0 134 0 219 19 5 0
OK 1 212 0 135 0 213 19 5 0
DF S 828 107 42392
OK 1 213 0 135 0 213 19 4 0
OK 1 214 0 135 0 213 19 5 0
OK 1 215 0 135 0 213 19 5 0
OK 1 216 0 135 0 219 19 5 0
DF S 829 107 42654
OK 1 217 0 135 0 213 19 5 0
OK 1 218 0 135 0 219 19 6 0
OK 1 219 0 135 0 213 19 5 0
OK 1 220 0 135 0 213 19 5 0
DF S 830 107 42916
OK 1 221 0 134 0 213 19 6 0
OK 1 222 0 134 0 213 19 5 0
OK 1 223 0 135 0 213 19 6 0
OK 1 224 0 134 0 213 19 6 0
DF S 831 107 43178
OK 1 225 0 134 0 213 19 6 0
OK 1 226 0 135 0 213 19 6 0
OK 1 227 0 135 0 213 19 6 0
OK 1 228 0 135 0 213 19 7 0
DF S 832 107 43440
OK 1 229 0 134 0 213 19 6 0
OK 1 230 0 134 0 213 19 6 0
OK 1 231 0 133 0 213 19 6 0
OK 1 232 0 133 0 213 19 6 0
DF S 833 107 43703
OK 1 233 0 133 0 213 19 6 0
OK 1 234 0 133 0 213 19 6 0
OK 1 235 0 133 0 213 19 6 0
OK 1 236 0 134 0 213 19 6 0
DF S 834 107 43965
OK 1 237 0 133 0 219 19 7 0
OK 1 238 0 133 0 213 19 7 0
OK 1 239 0 134 0 213 19 7 0
OK 1 240 0 134 0 219 19 6 0
DF S 835 107 44227
OK 1 241 0 133 0 213 19 6 0
OK 1 242 0 134 0 213 19 7 0
OK 1 243 0 134 0 213 19 7 0
OK 1 244 0 134 0 213 19 7 0
DF S 836 107 44489
OK 1 245 0 134 0 219 19 7 0
OK 1 246 0 133 0 206 19 7 0
OK 1 247 0 133 0 213 19 6 0
OK 1 248 0 133 0 219 19 7 0
DF S 837 107 44752
OK 1 249 0 133 0 219 19 6 0
OK 1 250 0 133 0 219 19 6 0
OK 1 251 0 133 0 219 19 6 0
OK 1 252 0 133 0 219 19 6 0
DF S 838 107 45014
OK 1 253 0 133 0 219 19 6 0
OK 1 254 0 133 0 219 19 6 0
OK 1 255 0 133 0 213 19 6 0
OK 1 0 1 133 0 213 19 6 0
DF S 839 107 45276
OK 1 1 1 133 0 213 19 6 0
OK 1 2 1 133 0 213 19 6 0
OK 1 3 1 133 0 232 19 6 0
OK 1 4 1 133 0 213 19 6 0
DF S 840 107 45538
OK 1 5 1 133 0 213 19 6 0
OK 1 6 1 133 0 213 19 6 0
OK 1 7 1 133 0 213 19 7 0
OK 1 8 1 133 0 213 19 6 0
DF S 841 107 45800
OK 1 9 1 133 0 213 19 6 0
OK 1 10 1 133 0 213 19 6 0
OK 1 11 1 133 0 213 19 6 0
OK 1 12 1 133 0 213 19 6 0
DF S 842 107 46063
OK 1 13 1 133 0 219 19 6 0
OK 1 14 1 133 0 213 19 6 0
OK 1 15 1 133 0 213 19 6 0
OK 1 16 1 133 0 213 19 6 0
DF S 843 107 46325
OK 1 17 1 133 0 213 19 6 0
OK 1 18 1 133 0 213 19 6 0
OK 1 19 1 133 0 213 19 6 0
OK 1 20 1 133 0 213 19 6 0
DF S 844 107 46587
OK 1 21 1 133 0 213 19 6 0
OK 1 22 1 133 0 213 19 6 0
OK 1 23 1 133 0 213 19 6 0
OK 1 24 1 133 0 213 19 6 0
DF S 845 107 46849
OK 1 25 1 133 0 219 19 6 0
OK 1 26 1 133 0 219 19 6 0
OK 1 27 1 133 0 219 19 6 0
OK 1 28 1 132 0 213 19 7 0
DF S 846 107 47111
OK 1 29 1 133 0 213 19 6 0
OK 1 30 1 132 0 219 19 6 0
OK 1 31 1 133 0 213 19 6 0
OK 1 32 1 133 0 213 19 6 0
DF S 847 107 47374
OK 1 33 1 133 0 219 19 5 0
OK 1 34 1 132 0 213 19 6 0
OK 1 35 1 132 0 213 19 6 0
OK 1 36 1 132 0 213 19 6 0
DF S 848 107 47636
OK 1 37 1 132 0 213 19 6 0
OK 1 38 1 132 0 219 19 6 0
OK 1 39 1 133 0 213 19 5 0
OK 1 40 1 133 0 213 19 5 0
DF S 849 107 47898
OK 1 41 1 132 0 213 19 6 0
OK 1 42 1 132 0 213 19 5 0
OK 1 43 1 132 0 219 19 5 0
OK 1 44 1 133 0 213 19 5 0
DF S 850 107 48160
OK 1 45 1 132 0 219 19 5 0
OK 1 46 1 132 0 213 19 6 0
OK 1 47 1 131 0 219 19 5 0
OK 1 48 1 132 0 213 19 5 0
DF S 851 107 48422
OK 1 49 1 131 0 219 19 5 0
OK 1 50 1 132 0 213 19 5 0
OK 1 51 1 132 0 213 19 6 0
OK 1 52 1 132 0 213 19 5 0
DF S 852 107 48685
OK 1 53 1 132 0 213 19 5 0
OK 1 54 1 132 0 213 19 6 0
OK 1 55 1 132 0 213 19 5 0
OK 1 56 1 133 0 213 19 5 0
DF S 853 107 48947
OK 1 57 1 132 0 213 19 5 0
OK 1 58 1 132 0 219 19 5 0
OK 1 59 1 131 0 213 19 5 0
OK 1 60 1 131 0 213 19 5 0
DF S 854 107 49209
OK 1 61 1 131 0 213 19 5 0
OK 1 62 1 132 0 213 19 5 0
OK 1 63 1 132 0 219 19 5 0
OK 1 64 1 131 0 213 19 5 0
DF S 855 107 49471
OK 1 65 1 131 0 213 19 5 0
OK 1 66 1 132 0 213 19 5 0
OK 1 67 1 132 0 219 19 5 0
OK 1 68 1 132 0 213 19 5 0
DF S 856 107 49733
OK 1 69 1 132 0 213 19 4 0
OK 1 70 1 132 0 219 19 5 0
OK 1 71 1 132 0 213 19 5 0
OK 1 72 1 132 0 213 19 5 0
DF S 857 107 49995
OK 1 73 1 132 0 213 19 5 0
OK 1 74 1 132 0 213 19 5 0
OK 1 75 1 132 0 213 19 4 0
OK 1 76 1 132 0 213 19 5 0
DF S 858 107 50258
OK 1 77 1 132 0 213 19 4 0
OK 1 78 1 132 0 219 19 4 0
OK 1 79 1 132 0 219 19 4 0
OK 1 80 1 131 0 219 19 5 0
DF S 859 107 50520
OK 1 81 1 131 0 213 19 5 0
OK 1 82 1 131 0 213 19 4 0
OK 1 83 1 131 0 219 19 4 0
OK 1 84 1 131 0 213 19 5 0
DF S 860 107 50782
OK 1 85 1 131 0 213 19 5 0
OK 1 86 1 130 0 213 19 5 0
OK 1 87 1 131 0 213 19 5 0
OK 1 88 1 130 0 213 19 5 0
DF S 861 107 51044
OK 1 89 1 131 0 213 19 5 0
OK 1 90 1 131 0 219 19 5 0
OK 1 91 1 131 0 219 19 5 0
OK 1 92 1 130 0 219 19 5 0
DF S 862 107 51306
OK 1 93 1 130 0 213 19 6 0
OK 1 94 1 130 0 213 19 5 0
OK 1 95 1 131 0 213 19 5 0
OK 1 96 1 131 0 213 19 5 0
DF S 863 107 51569
OK 1 97 1 130 0 213 19 5 0
OK 1 98 1 131 0 219 19 5 0
OK 1 99 1 131 0 213 19 5 0
OK 1 100 1 131 0 213 19 5 0
DF S 864 107 51831
OK 1 101 1 130 0 213 19 5 0
OK 1 102 1 131 0 213 19 5 0
OK 1 103 1 131 0 213 19 5 0
OK 1 104 1 131 0 213 19 5 0
DF S 865 107 52093
OK 1 105 1 131 0 219 19 5 0
OK 1 106 1 131 0 213 19 5 0
OK 1 107 1 131 0 219 19 5 0
OK 1 108 1 130 0 213 19 5 0
DF S 866 107 52355
OK 1 109 1 131 0 213 19 5 0
OK 1 110 1 131 0 213 19 4 0
OK 1 111 1 130 0 213 19 4 0
OK 1 112 1 130 0 213 19 4 0
DF S 867 107 52617
OK 1 113 1 131 0 219 19 4 0
OK 1 114 1 130 0 213 19 4 0
OK 1 115 1 130 0 213 19 3 0
OK 1 116 1 131 0 213 19 3 0
DF S 868 107 52880
OK 1 117 1 130 0 213 19 3 0
OK 1 118 1 130 0 213 19 3 0
OK 1 119 1 130 0 213 19 3 0
OK 1 120 1 130 0 213 19 4 0
DF S 869 107 53142
OK 1 121 1 131 0 213 19 4 0
OK 1 122 1 130 0 213 19 4 0
OK 1 123 1 130 0 206 19 3 0
OK 1 124 1 130 0 213 19 4 0
DF S 870 107 53404
OK 1 125 1 131 0 213 19 3 0
OK 1 126 1 130 0 213 19 3 0
OK 1 127 1 130 0 213 19 4 0
OK 1 128 1 130 0 213 19 3 0
DF S 871 107 53666
OK 1 129 1 130 0 219 19 4 0
OK 1 130 1 130 0 213 19 4 0
OK 1 131 1 130 0 213 19 3 0
OK 1 132 1 130 0 213 19 3 0
DF S 872 107 53928
OK 1 133 1 129 0 219 19 3 0
OK 1 134 1 129 0 213 19 3 0
OK 1 135 1 129 0 213 19 3 0
OK 1 136 1 129 0 213 19 3 0
DF S 873 107 54190
OK 1 137 1 130 0 213 19 3 0
OK 1 138 1 130 0 213 19 3 0
OK 1 139 1 130 0 213 19 3 0
OK 1 140 1 129 0 213 19 3 0
DF S 874 107 54453
OK 1 141 1 130 0 213 19 4 0
OK 1 142 1 129 0 219 19 3 0
OK 1 143 1 129 0 213 19 4 0
OK 1 144 1 129 0 219 19 3 0
DF S 875 107 54715
OK 1 145 1 130 0 213 19 3 0
OK 1 146 1 129 0 213 19 3 0
OK 1 147 1 128 0 219 19 3 0
OK 1 148 1 129 0 219 19 4 0
DF S 876 107 54977
OK 1 149 1 129 0 213 19 3 0
OK 1 150 1 128 0 213 19 3 0
OK 1 151 1 129 0 213 19 3 0
OK 1 152 1 129 0 213 19 3 0
DF S 877 107 55239
OK 1 153 1 128 0 213 19 3 0
OK 1 154 1 128 0 213 19 4 0
OK 1 155 1 129 0 213 19 3 0
OK 1 156 1 129 0 213 19 3 0
DF S 878 107 55501
OK 1 157 1 128 0 213 19 3 0
OK 1 158 1 128 0 213 19 3 0
OK 1 159 1 128 0 213 19 3 0
OK 1 160 1 128 0 213 19 3 0
DF S 879 107 55764
OK 1 161 1 128 0 213 19 3 0
OK 1 162 1 128 0 219 19 3 0
OK 1 163 1 128 0 219 19 3 0
OK 1 164 1 128 0 213 19 3 0
DF S 880 107 56026
OK 1 165 1 128 0 213 19 4 0
OK 1 166 1 128 0 213 19 4 0
OK 1 167 1 128 0 213 19 3 0
OK 1 168 1 128 0 219 19 3 0
DF S 881 107 56288
OK 1 169 1 128 0 213 19 3 0
OK 1 170 1 128 0 219 19 3 0
OK 1 171 1 127 0 213 19 3 0
OK 1 172 1 128 0 219 19 3 0
DF S 882 107 56550
OK 1 173 1 128 0 219 19 3 0
OK 1 174 1 127 0 213 19 3 0
OK 1 175 1 127 0 213 19 3 0
OK 1 176 1 127 0 213 19 4 0
DF S 883 107 56812
OK 1 177 1 128 0 213 19 3 0
OK 1 178 1 127 0 219 19 4 0
OK 1 179 1 128 0 213 19 4 0
OK 1 180 1 128 0 213 19 3 0
DF S 884 107 57074
OK 1 181 1 127 0 219 19 4 0
OK 1 182 1 127 0 213 19 3 0
OK 1 183 1 127 0 219 19 3 0
OK 1 184 1 128 0 213 19 3 0
DF S 885 107 57337
OK 1 185 1 128 0 213 19 3 0
OK 1 186 1 127 0 213 19 3 0
OK 1 187 1 127 0 213 19 3 0
OK 1 188 1 127 0 219 19 3 0
DF S 886 107 57599
OK 1 189 1 127 0 213 19 3 0
OK 1 190 1 128 0 219 19 3 0
OK 1 191 1 127 0 213 19 3 0
OK 1 192 1 126 0 213 19 3 0
DF S 887 107 57861
 ? 1 193 1 127 0 213 19 3 0
OK 1 194 1 128 0 219 19 3 0
OK 1 195 1 127 0 219 19 3 0
OK 1 196 1 127 0 213 19 3 0
DF S 888 107 58123
OK 1 197 1 127 0 213 19 3 0
OK 1 198 1 127 0 219 19 3 0
OK 1 199 1 127 0 213 19 3 0
OK 1 200 1 127 0 213 19 3 0
DF S 889 107 58385
OK 1 201 1 126 0 213 19 3 0
OK 1 202 1 127 0 213 19 3 0
OK 1 203 1 126 0 219 19 3 0
OK 1 204 1 126 0 219 19 4 0
DF S 890 107 58647
OK 1 205 1 127 0 213 19 3 0
OK 1 206 1 127 0 213 19 3 0
OK 1 207 1 127 0 219 19 3 0
OK 1 208 1 126 0 213 19 3 0
DF S 891 107 58910
OK 1 209 1 126 0 213 19 3 0
OK 1 210 1 126 0 213 19 4 0
OK 1 211 1 127 0 219 19 4 0
OK 1 212 1 126 0 219 19 3 0
DF S 892 107 59172
OK 1 213 1 126 0 213 19 3 0
OK 1 214 1 126 0 219 19 3 0
OK 1 215 1 126 0 213 19 4 0
OK 1 216 1 126 0 219 19 2 0
DF S 893 107 59434
OK 1 217 1 126 0 213 19 3 0
OK 1 218 1 127 0 213 19 3 0
OK 1 219 1 126 0 219 19 3 0
OK 1 220 1 126 0 213 19 3 0
DF S 894 107 59696
OK 1 221 1 126 0 213 19 3 0
OK 1 222 1 126 0 213 19 3 0
OK 1 223 1 125 0 213 19 3 0
OK 1 224 1 125 0 213 19 3 0
DF S 895 107 59958
OK 1 225 1 125 0 213 19 3 0
OK 1 226 1 126 0 213 19 3 0
OK 1 227 1 126 0 206 19 3 0
OK 1 228 1 125 0 213 19 3 0
DF S 896 107 60220
OK 1 229 1 125 0 213 19 3 0
OK 1 230 1 126 0 219 19 3 0
OK 1 231 1 126 0 213 19 3 0
OK 1 232 1 126 0 213 19 2 0
DF S 897 107 60482
OK 1 233 1 126 0 219 19 3 0
OK 1 234 1 125 0 219 19 3 0
OK 1 235 1 126 0 213 19 3 0
OK 1 236 1 126 0 213 19 3 0
DF S 898 107 60745
OK 1 237 1 126 0 219 19 3 0
OK 1 238 1 125 0 213 19 3 0
OK 1 239 1 126 0 219 19 3 0
OK 1 240 1 126 0 213 19 3 0
DF S 899 107 61007
OK 1 241 1 125 0 213 19 3 0
OK 1 242 1 125 0 213 19 3 0
OK 1 243 1 125 0 213 19 3 0
OK 1 244 1 125 0 213 19 3 0
DF S 900 107 61269
OK 1 245 1 125 0 219 19 2 0
OK 1 246 1 125 0 213 19 2 0
OK 1 247 1 125 0 219 19 3 0
OK 1 248 1 125 0 219 19 3 0
DF S 901 107 61531
OK 1 249 1 125 0 213 19 3 0
OK 1 250 1 125 0 213 19 3 0
OK 1 251 1 125 0 213 19 3 0
OK 1 252 1 125 0 219 19 3 0
DF S 902 107 61793
OK 1 253 1 125 0 213 19 3 0
OK 1 254 1 125 0 213 19 3 0
OK 1 255 1 125 0 219 19 3 0
OK 1 0 2 125 0 219 19 3 0
DF S 903 107 62055
OK 1 1 2 125 0 219 19 3 0
OK 1 2 2 125 0 213 19 3 0
OK 1 3 2 126 0 213 19 3 0
OK 1 4 2 125 0 213 19 3 0
DF S 904 107 62318
OK 1 5 2 125 0 213 19 3 0
OK 1 6 2 125 0 219 19 3 0
OK 1 7 2 125 0 213 19 2 0
OK 1 8 2 125 0 219 19 3 0
DF S 905 107 62580
OK 1 9 2 125 0 219 19 3 0
OK 1 10 2 124 0 213 19 3 0
OK 1 11 2 125 0 213 19 3 0
OK 1 12 2 125 0 213 19 3 0
DF S 906 107 62842
OK 1 13 2 125 0 213 19 3 0
OK 1 14 2 125 0 213 19 3 0
OK 1 15 2 125 0 219 19 3 0
OK 1 16 2 124 0 213 19 2 0
DF S 907 107 63104
OK 1 17 2 124 0 213 19 3 0
OK 1 18 2 124 0 213 19 3 0
OK 1 19 2 125 0 219 19 3 0
OK 1 20 2 125 0 219 19 3 0
DF S 908 107 63366
OK 1 21 2 125 0 213 19 3 0
OK 1 22 2 124 0 219 19 3 0
OK 1 23 2 124 0 219 19 3 0
OK 1 24 2 125 0 219 19 3 0
DF S 909 107 63628
OK 1 25 2 124 0 213 19 3 0
OK 1 26 2 124 0 213 19 3 0
OK 1 27 2 125 0 219 19 3 0
OK 1 28 2 125 0 213 19 2 0
DF S 910 107 63890
OK 1 29 2 124 0 219 19 3 0
OK 1 30 2 123 0 213 19 2 0
OK 1 31 2 124 0 219 19 2 0
OK 1 32 2 124 0 213 19 2 0
DF S 911 107 64153
OK 1 33 2 124 0 213 19 3 0
OK 1 34 2 124 0 213 19 3 0
OK 1 35 2 124 0 213 19 3 0
OK 1 36 2 124 0 213 19 3 0
DF S 912 107 64415
OK 1 37 2 124 0 213 19 3 0
OK 1 38 2 123 0 213 19 3 0
OK 1 39 2 124 0 213 19 3 0
OK 1 40 2 124 0 213 19 3 0
DF S 913 107 64677
OK 1 41 2 123 0 213 19 3 0
OK 1 42 2 124 0 219 19 3 0
OK 1 43 2 124 0 219 19 3 0
OK 1 44 2 123 0 213 19 3 0
DF S 914 107 64939
OK 1 45 2 123 0 213 19 3 0
OK 1 46 2 123 0 213 19 3 0
OK 1 47 2 123 0 219 19 3 0
OK 1 48 2 123 0 213 19 3 0
DF S 915 107 65201
OK 1 49 2 123 0 213 19 4 0
OK 1 50 2 123 0 213 19 5 0
OK 1 51 2 124 0 219 19 5 0
OK 1 52 2 123 0 213 19 6 0
DF S 916 107 65463
OK 1 53 2 123 0 213 19 6 0
OK 1 54 2 123 0 219 19 7 0
OK 1 55 2 123 0 213 19 8 0
OK 1 56 2 123 0 213 19 10 0
DF S 917 107 65725
OK 1 57 2 123 0 213 19 12 0
OK 1 58 2 123 0 213 19 15 0
OK 1 59 2 123 0 213 19 18 0
OK 1 60 2 123 0 213 19 20 0
DF S 918 107 65988
OK 1 61 2 123 0 213 19 25 0
OK 1 62 2 123 0 213 19 31 0
OK 1 63 2 124 0 213 19 37 0
OK 1 64 2 123 0 213 19 46 0
DF S 919 107 66250
OK 1 65 2 123 0 219 19 57 0
OK 1 66 2 123 0 213 19 70 0
OK 1 67 2 123 0 213 19 87 0
OK 1 68 2 123 0 219 19 106 0
DF S 920 107 66512
OK 1 69 2 123 0 213 19 128 0
OK 1 70 2 123 0 213 19 151 0
OK 1 71 2 123 0 219 19 176 0
OK 1 72 2 122 0 213 19 202 0
DF S 921 107 66774
OK 1 73 2 122 0 213 19 230 0
OK 1 74 2 123 0 213 19 7 1
OK 1 75 2 123 0 213 19 45 1
OK 1 76 2 123 0 213 19 85 1
DF S 922 107 67036
OK 1 77 2 123 0 213 19 126 1
OK 1 78 2 123 0 219 19 163 1
OK 1 79 2 123 0 219 19 198 1
OK 1 80 2 121 0 213 19 235 1
DF S 923 107 67298
OK 1 81 2 122 0 213 19 17 2
OK 1 82 2 122 0 213 19 49 2
OK 1 83 2 122 0 219 19 81 2
OK 1 84 2 122 0 219 19 110 2
DF S 924 107 67560
OK 1 85 2 122 0 219 19 139 2
OK 1 86 2 123 0 213 19 163 2
OK 1 87 2 122 0 213 19 185 2
OK 1 88 2 121 0 213 19 205 2
DF S 925 107 67823
OK 1 89 2 121 0 213 19 224 2
OK 1 90 2 121 0 213 19 239 2
OK 1 91 2 121 0 213 19 254 2
OK 1 92 2 121 0 213 19 3 3
DF S 926 107 68085
OK 1 93 2 121 0 219 19 13 3
OK 1 94 2 121 0 213 19 17 3
OK 1 95 2 121 0 213 19 31 3
OK 1 96 2 121 0 213 19 49 3
DF S 927 107 68347
OK 1 97 2 121 0 213 19 64 3
OK 1 98 2 121 0 213 19 78 3
OK 1 99 2 121 0 213 19 79 3
OK 1 100 2 121 0 213 19 92 3
DF S 928 107 68609
OK 1 101 2 121 0 213 19 103 3
OK 1 102 2 121 0 213 19 111 3
OK 1 103 2 121 0 213 19 119 3
OK 1 104 2 121 0 213 19 124 3
DF S 929 107 68871
OK 1 105 2 121 0 213 19 133 3
OK 1 106 2 121 0 213 19 138 3
OK 1 107 2 122 0 213 19 143 3
 ? 1 108 2 121 0 213 19 149 3
OK 1 109 2 122 0 213 19 153 3
DF S 930 107 69133
OK 1 110 2 121 0 213 19 156 3
OK 1 111 2 121 0 213 19 158 3
OK 1 112 2 121 0 213 19 160 3
OK 1 113 2 122 0 213 19 165 3
DF S 931 107 69461
OK 1 114 2 121 0 213 19 170 3
OK 1 115 2 122 0 219 19 174 3
OK 1 116 2 121 0 213 19 178 3
OK 1 117 2 121 0 213 19 182 3
DF S 932 107 69723
OK 1 118 2 122 0 213 19 184 3
OK 1 119 2 122 0 213 19 186 3
OK 1 120 2 121 0 213 19 187 3
OK 1 121 2 122 0 213 19 187 3
DF S 933 107 69985
OK 1 122 2 122 0 213 19 188 3
OK 1 123 2 122 0 213 19 189 3
OK 1 124 2 122 0 213 19 189 3
OK 1 125 2 122 0 213 19 188 3
DF S 934 107 70247
OK 1 126 2 122 0 213 19 190 3
OK 1 127 2 122 0 219 19 192 3
OK 1 128 2 122 0 219 19 193 3
OK 1 129 2 122 0 213 19 195 3
DF S 935 107 70509
OK 1 130 2 121 0 206 19 196 3
OK 1 131 2 121 0 219 19 196 3
OK 1 132 2 122 0 213 19 196 3
OK 1 133 2 123 0 213 19 197 3
DF S 936 107 70772
OK 1 134 2 123 0 219 19 198 3
OK 1 135 2 122 0 232 19 199 3
OK 1 136 2 123 0 213 19 200 3
OK 1 137 2 123 0 219 19 200 3
DF S 937 107 71034
OK 1 138 2 123 0 213 19 202 3
OK 1 139 2 123 0 213 19 202 3
OK 1 140 2 123 0 213 19 202 3
OK 1 141 2 123 0 219 19 202 3
DF S 938 107 71296
OK 1 142 2 123 0 213 19 203 3
OK 1 143 2 123 0 213 19 203 3
OK 1 144 2 123 0 213 19 202 3
OK 1 145 2 123 0 213 19 204 3
DF S 939 107 71558
OK 1 146 2 124 0 213 19 205 3
OK 1 147 2 123 0 219 19 206 3
OK 1 148 2 123 0 213 19 206 3
OK 1 149 2 124 0 219 19 207 3
DF S 940 107 71820
OK 1 150 2 124 0 219 19 207 3
OK 1 151 2 124 0 213 19 207 3
OK 1 152 2 125 0 213 19 208 3
OK 1 153 2 125 0 213 19 209 3
DF S 941 107 72082
OK 1 154 2 124 0 213 19 209 3
OK 1 155 2 124 0 213 19 209 3
OK 1 156 2 125 0 213 19 210 3
OK 1 157 2 124 0 213 19 210 3
DF S 942 107 72344
OK 1 158 2 125 0 213 19 211 3
OK 1 159 2 125 0 219 19 212 3
OK 1 160 2 125 0 219 19 212 3
OK 1 161 2 125 0 213 19 213 3
DF S 943 107 72607
OK 1 162 2 125 0 213 19 214 3
OK 1 163 2 125 0 213 19 214 3
OK 1 164 2 125 0 219 19 215 3
OK 1 165 2 126 0 219 19 216 3
DF S 944 107 72869
OK 1 166 2 126 0 213 19 216 3
OK 1 167 2 126 0 213 19 217 3
OK 1 168 2 126 0 213 19 217 3
OK 1 169 2 126 0 213 19 218 3
DF S 945 107 73131
OK 1 170 2 126 0 213 19 218 3
OK 1 171 2 126 0 213 19 219 3
OK 1 172 2 126 0 213 19 219 3
OK 1 173 2 126 0 213 19 219 3
DF S 946 107 73393
OK 1 174 2 127 0 213 19 220 3
OK 1 175 2 127 0 213 19 220 3
OK 1 176 2 127 0 213 19 220 3
OK 1 177 2 128 0 213 19 220 3
DF S 947 107 73655
OK 1 178 2 128 0 213 19 220 3
OK 1 179 2 128 0 213 19 221 3
OK 1 180 2 128 0 213 19 221 3
OK 1 181 2 128 0 213 19 221 3
DF S 948 107 73917
OK 1 182 2 128 0 213 19 222 3
OK 1 183 2 128 0 213 19 223 3
OK 1 184 2 128 0 213 19 223 3
OK 1 185 2 129 0 219 19 223 3
DF S 949 107 74180
OK 1 186 2 129 0 213 19 223 3
OK 1 187 2 130 0 213 19 224 3
OK 1 188 2 129 0 213 19 224 3
OK 1 189 2 130 0 213 19 224 3
DF S 950 107 74442
OK 1 190 2 130 0 213 19 224 3
OK 1 191 2 130 0 213 19 224 3
OK 1 192 2 130 0 219 19 224 3
OK 1 193 2 130 0 219 19 223 3
DF S 951 107 74704
OK 1 194 2 130 0 213 19 223 3
OK 1 195 2 130 0 213 19 223 3
OK 1 196 2 130 0 213 19 223 3
OK 1 197 2 130 0 213 19 223 3
DF S 952 107 74966
OK 1 198 2 130 0 219 19 223 3
OK 1 199 2 130 0 213 19 223 3
OK 1 200 2 131 0 213 19 223 3
OK 1 201 2 131 0 213 19 223 3
DF S 953 107 75228
OK 1 202 2 131 0 213 19 223 3
OK 1 203 2 131 0 213 19 223 3
OK 1 204 2 131 0 213 19 224 3
OK 1 205 2 131 0 213 19 224 3
DF S 954 107 75490
OK 1 206 2 131 0 213 19 223 3
OK 1 207 2 131 0 213 19 223 3
OK 1 208 2 131 0 213 19 223 3
OK 1 209 2 131 0 219 19 224 3
DF S 955 107 75753
OK 1 210 2 131 0 213 19 224 3
OK 1 211 2 131 0 213 19 225 3
Connected.
Connected.

Disconnected.
