251
110
117
109
109
111
106
107
110
108
110
109
108
105
106
106
103
101
108
106
106
94
108
108
109
106
105
104
104
104
105
105
105
104
105
106
108
104
103
104
104
102
101
103
103
99
101
100
100
100
100
100
99
95
95
95
95
94
94
93
93
91
91
92
91
93
92
92
91
91
90
90
91
93
92
94
95
94
95
92
92
92
91
91
91
92
91
91
91
92
92
94
95
94
94
93
93
94
94
94
96
96
96
94
95
96
926
925
929
928
929
928
927
926
926
927
927
927
928
928
929
146
931
931
931
931
931
931
1002
1002
1002
1002
1003
1003
1002
1002
1002
1002
1002
1002
1002
1001
1001
1000
1000
1000
999
999
999
999
999
999
999
998
998
998
999
999
999
998
998
998
998
998
999
999
999
999
999
998
997
997
997
997
996
997
996
995
995
996
997
997
997
997
997
996
996
996
996
996
995
995
995
995
996
996
996
996
995
995
995
995
995
994
995
995
995
995
994
994
994
993
993
994
994
994
994
994
994
994
994
994
993
993
993
993
993
993
993
993
994
994
994
994
994
994
994
995
995
996
996
996
996
996
997
996
996
996
995
994
993
993
992
992
991
992
991
991
991
991
991
991
991
991
990
990
989
988
988
988
987
985
984
984
982
982
982
981
979
976
972
969
966
963
961
960
958
957
960
960
958
956
953
952
956
958
957
958
955
953
951
951
948
946
945
947
947
941
933
926
922
919
914
907
899
888
882
883
885
882
873
866
857
838
814
801
791
773
763
751
733
713
689
657
649
603
578
554
535
473
451
478
471
457
432
382
374
368
363
359
356
353
350
348
347
344
345
344
340
339
341
342
342
341
342
342
342
339
343
343
343
346
346
346
346
347
348
348
347
347
349
351
350
351
350
347
400
405
463
399
400
400
437
350
349
349
349
349
349
350
350
350
350
349
349
349
349
350
349
350
350
349
349
350
348
349
350
350
351
350
350
349
348
349
348
349
350
349
350
347
